0.707821 -0.749134 2.109
0.0927265 -0.189958 3.88
0.571954 -0.863372 2.109
1.4681 -0.669966 2.583
0.891898 -0.902916 2.109
0.0519171 -0.634972 3.331
0.932544 -0.514758 2.216
0.668993 -1.42881 3.999
0.488681 -0.867766 2.109
0.616074 -0.894552 2.11
0.0741241 -1.27741 3.397
0.665451 -0.69979 2.614
0.487986 -0.699806 2.106
1.20624 -0.699835 2.374
0.828179 -0.69975 2.16
0.886091 -0.699806 2.262
0.878865 -0.649813 2.22
-0.0378096 -0.747746 3.308
-0.674517 -0.530559 3.329
-0.805764 -0.639928 3.357
-0.339666 -0.189972 3.441
-0.141595 -0.149622 3.683
-0.410789 -0.235826 3.379
-0.737287 -0.0503073 3.715
-1.21584 -0.703776 2.875
-1.40997 -0.585703 2.499
-1.22002 -0.69981 2.042
-0.410789 -1.27064 3.379
-0.059175 -1.36443 3.35
-0.197699 -1.35259 3.338
-0.67634 -1.35259 3.338
-0.325848 -1.07834 3.372
-0.530826 -0.935616 3.339
-0.678569 -0.945395 3.349
0.304112 0.898778 3.801
2.12464 0.89898 3.581
1.16237 0.899872 3.981
-1.23286 0.899763 3.164
-1.86092 0.898828 3.835
-1.726 0.899763 3.164
-0.596375 0.898778 3.801
-0.867423 0.898675 2.792
-0.897652 0.899896 3.26
-1.39401 0.899872 3.981
-1.87054 0.898964 3.905
-2.35959 0.898968 3.977
-0.372278 0.898792 2.12
-1.79167 0.899749 3.211
-0.805764 -1.1225 3.357
-0.831931 -0.191927 3.35
-0.789924 -0.638403 3.349
0.79013 -0.624168 2.687
1.0707 -0.514758 2.216
2.13375 0.897837 3.972
-1.37233 -0.588859 2.535
0.00392249 -0.153359 3.775
-0.89762 0.899865 3.01
-1.11293 0.899766 3.141
0.22818 0.89975 2.928
0.885552 0.899803 2.889
-1.22088 -0.699763 2.516
-0.714463 -0.149378 3.677
-1.58747 0.899785 3.074
-1.59399 0.899803 2.889
-0.910952 0.899946 3.188
-0.990453 0.899946 3.188
0.0741022 -0.767637 3.396
-0.518342 -0.714937 3.348
0.667102 -0.584882 2.237
-0.398412 0.896875 2.296
-0.37289 0.893922 2.229
0.738222 -0.645116 2.681
0.665237 -0.6345 2.592
1.44454 -0.685969 2.71
-0.489108 0.897756 2.274
-0.497735 0.893521 2.228
-1.22833 0.899754 2.948
-1.22776 0.899803 2.889
1.10876 0.899813 2.989
1.09905 0.899847 2.851
0.992498 0.899896 3.26
0.618058 0.89973 2.279
-0.850126 0.89973 2.279
-1.61151 0.899749 3.211
2.10854 0.205259 3.457
-1.27943 -1.49962 3.72
-1.359 -1.49984 3.881
-0.375857 -0.226078 3.445
0.0741022 -0.887912 3.396
0.0741022 -0.824237 3.396
1.4668 -0.920603 3.999
0.879016 -0.489011 2.383
0.0243516 -1.16134 3.348
1.09102 0.899749 3.211
1.01033 0.899946 3.188
1.07445 -0.699806 2.106
-0.553995 -0.0804344 3.677
-0.53086 -0.0446875 3.9
0.506063 -1.49977 3.555
0.49281 -1.20996 2.84
0.494024 -0.762166 2.847
-0.195012 -0.1725 3.68
-0.236848 -0.187453 3.999
0.624844 -0.859385 2.11
-1.72457 0.899754 2.948
-0.219165 0.895387 2.268
-0.518342 -1.12646 3.348
-0.410789 -1.11577 3.379
1.00563 0.899803 2.889
0.590552 0.899749 3.211
-1.18733 0.899828 3.031
-1.067 0.899972 2.909
-1.10769 0.899803 2.889
-1.40576 0.899896 3.26
-1.33504 0.899775 3.096
-1.06765 0.899828 3.031
-0.903528 0.899847 2.851
-0.987615 0.899803 2.889
-0.453001 -0.3016 3.328
-0.515245 -0.336267 3.328
0.825161 -0.584882 2.237
1.50004 -0.945597 3.999
-1.406 0.899754 2.948
-1.40121 0.899847 2.851
-1.47392 0.899803 2.889
0.79986 -0.867766 2.109
-1.48028 0.899896 3.26
-1.47614 0.899763 3.164
0.664527 0.899828 3.031
-1.33859 0.899813 2.989
-1.40221 0.899785 3.074
-1.32419 0.899847 2.851
0.0741022 -0.406812 3.396
0.0243516 -0.296437 3.348
0.0741241 -0.230005 3.397
1.40911 -0.699763 2.516
-1.2981 -1.49964 3.966
0.0741022 -1.37609 3.396
