 1 0.805241 -1.69082 34.5282
2 0.0927265 -0.189958 3.88
 1 0.000326911 -1.00774 24.848
2 0.00392249 -0.153359 3.775
 1 0.412939 -5.15446 27.04
2 0.0519171 -0.634972 3.331
 1 4.83562 -7.30332 17.8382
2 0.571954 -0.863372 2.109
 1 7.68358 -7.77615 18.1653
2 0.891898 -0.902916 2.109
 1 12.7909 -5.82675 22.4929
2 1.4681 -0.669966 2.583
 1 6.02371 -6.35708 17.9142
2 0.707821 -0.749134 2.109
 1 11.6446 -5.75557 20.7607
2 1.40911 -0.699763 2.516
 1 -9.70604 -11.2072 29.6439
2 -1.2981 -1.49964 3.966
 1 0.552525 -10.3853 25.6293
2 0.0741022 -1.37609 3.396
 1 5.79913 8.48298 21.4332
2 0.618058 0.89973 2.279
 1 -6.78448 7.16832 18.1786
2 -0.850126 0.89973 2.279
 1 -10.7385 6.01034 21.3993
2 -1.61151 0.899749 3.211
 1 19.3627 1.89291 31.7415
2 2.10854 0.205259 3.457
 1 -9.39322 -11.0119 27.3146
2 -1.27943 -1.49962 3.72
 1 -10.307 -11.2862 29.2853
2 -1.359 -1.49984 3.881
 1 -2.82459 -1.68244 25.7418
2 -0.375857 -0.226078 3.445
 1 0.382546 -4.71868 18.0472
2 0.0741022 -0.887912 3.396
 1 0.851884 -9.7703 40.2546
2 0.0741022 -0.824237 3.396
 1 7.60941 -4.77794 20.75
2 1.4668 -0.920603 3.999
 1 6.81571 -3.80534 18.5046
2 0.879016 -0.489011 2.383
 1 0.177383 -8.92681 25.7355
2 0.0243516 -1.16134 3.348
 1 13.2491 10.919 38.9911
2 1.09102 0.899749 3.211
 1 11.1986 9.98893 35.3422
2 1.01033 0.899946 3.188
 1 9.64516 -6.27988 18.9025
2 1.07445 -0.699806 2.106
 1 -4.29202 -0.622692 28.4833
2 -0.553995 -0.0804344 3.677
 1 -3.28039 -0.267387 24.0094
2 -0.53086 -0.0446875 3.9
 1 3.39979 -10.0364 23.7957
2 0.506063 -1.49977 3.555
 1 3.98312 -9.8066 23.0124
2 0.49281 -1.20996 2.84
 1 4.44408 -6.88298 25.694
2 0.494024 -0.762166 2.847
 1 -1.45561 -1.27964 27.3365
2 -0.195012 -0.1725 3.68
 1 -1.68023 -1.32423 28.2808
2 -0.236848 -0.187453 3.999
 1 5.41081 -7.46021 18.3058
2 0.624844 -0.859385 2.11
 1 -13.8394 7.20759 23.655
2 -1.72457 0.899754 2.948
 1 -1.44898 5.84124 14.8264
2 -0.219165 0.895387 2.268
 1 -6.73838 6.7265 22.5804
2 -0.89762 0.899865 3.01
 1 -12.0477 9.65963 33.9765
2 -1.11293 0.899766 3.141
 1 1.07749 4.30985 13.9913
2 0.22818 0.89975 2.928
 1 8.36438 8.53318 27.3111
2 0.885552 0.899803 2.889
 1 -13.8761 -7.9718 28.6206
2 -1.22088 -0.699763 2.516
 1 -5.27231 -1.11235 27.1871
2 -0.714463 -0.149378 3.677
 1 -12.7304 7.18696 24.6461
2 -1.58747 0.899785 3.074
 1 -10.8989 6.13788 19.7503
2 -1.59399 0.899803 2.889
 1 -6.64814 6.56533 23.2649
2 -0.910952 0.899946 3.188
 1 -6.763 6.1335 21.7638
2 -0.990453 0.899946 3.188
 1 0.550121 -5.80854 25.6964
2 0.0741022 -0.767637 3.396
 1 -3.80321 -5.26783 24.6463
2 -0.518342 -0.714937 3.348
 1 5.58405 -4.89977 18.7342
2 0.667102 -0.584882 2.237
 1 -2.74691 6.16838 15.805
2 -0.398412 0.896875 2.296
 1 -2.35652 5.63083 14.0553
2 -0.37289 0.893922 2.229
 1 6.01206 -5.24758 21.8181
2 0.738222 -0.645116 2.681
 1 5.78814 -5.49735 22.4902
2 0.665237 -0.6345 2.592
 1 11.9204 -5.65413 22.355
2 1.44454 -0.685969 2.71
 1 -3.2858 6.04712 15.2992
2 -0.489108 0.897756 2.274
 1 -3.41747 6.12017 15.2773
2 -0.497735 0.893521 2.228
 1 -8.80047 6.44391 21.1203
2 -1.22833 0.899754 2.948
 1 -10.3348 7.55136 24.3104
2 -1.22776 0.899803 2.889
 1 10.9129 8.87393 29.4265
2 1.10876 0.899813 2.989
 1 10.7555 8.83512 27.9145
2 1.09905 0.899847 2.851
 1 10.6611 9.69537 35.0299
2 0.992498 0.899896 3.26
 1 -4.03259 -8.77411 26.0741
2 -0.518342 -1.12646 3.348
 1 -3.14058 -8.5066 25.7673
2 -0.410789 -1.11577 3.379
 1 9.06756 8.13852 26.0634
2 1.00563 0.899803 2.889
 1 4.305 6.54104 23.3896
2 0.590552 0.899749 3.211
 1 -8.5463 6.46294 21.8122
2 -1.18733 0.899828 3.031
 1 -7.84188 6.60207 21.3743
2 -1.067 0.899972 2.909
 1 -7.68277 6.23674 20.0359
2 -1.10769 0.899803 2.889
 1 -10.7161 6.83127 24.8457
2 -1.40576 0.899896 3.26
 1 -7.1264 4.80926 16.528
2 -1.33504 0.899775 3.096
 1 -7.87679 6.62326 22.3556
2 -1.06765 0.899828 3.031
 1 -6.81279 6.78658 21.4981
2 -0.903528 0.899847 2.851
 1 -6.92033 6.29836 20.2401
2 -0.987615 0.899803 2.889
 1 -3.57804 -2.35823 26.1323
2 -0.453001 -0.3016 3.328
 1 -4.46262 -2.8795 28.6429
2 -0.515245 -0.336267 3.328
 1 6.92089 -4.90687 18.7649
2 0.825161 -0.584882 2.237
 1 7.56113 -4.759 20.1433
2 1.50004 -0.945597 3.999
 1 -10.3285 6.59863 21.6531
2 -1.406 0.899754 2.948
 1 -10.2517 6.5763 20.8568
2 -1.40121 0.899847 2.851
 1 -11.8482 7.21745 23.2194
2 -1.47392 0.899803 2.889
 1 6.68443 -7.23802 17.6027
2 0.79986 -0.867766 2.109
 1 -11.7835 7.1233 25.9441
2 -1.48028 0.899896 3.26
 1 -12.6727 7.68842 27.1561
2 -1.47614 0.899763 3.164
 1 6.33917 8.60625 28.936
2 0.664527 0.899828 3.031
 1 -11.0617 7.40746 24.6923
2 -1.33859 0.899813 2.989
 1 -10.1368 6.48638 22.2181
2 -1.40221 0.899785 3.074
 1 -10.1145 6.8496 21.7693
2 -1.32419 0.899847 2.851
 1 0.162 -0.918162 7.66429
2 0.0741022 -0.406812 3.396
 1 0.164977 -2.13698 24.1393
2 0.0243516 -0.296437 3.348
 1 0.622142 -2.03259 30.0161
2 0.0741241 -0.230005 3.397
 1 7.67805 -4.23624 18.242
2 0.932544 -0.514758 2.216
 1 4.64325 -9.89497 27.7009
2 0.668993 -1.42881 3.999
 1 4.21373 -7.51467 18.2512
2 0.488681 -0.867766 2.109
 1 5.28146 -7.7027 18.1507
2 0.616074 -0.894552 2.11
 1 0.682582 -11.9447 31.764
2 0.0741241 -1.27741 3.397
 1 5.71211 -6.00433 22.4316
2 0.665451 -0.69979 2.614
 1 4.24019 -6.06576 18.2638
2 0.487986 -0.699806 2.106
 1 9.52513 -5.52187 18.7406
2 1.20624 -0.699835 2.374
 1 6.95833 -5.8436 18.0865
2 0.828179 -0.69975 2.16
 1 7.28663 -5.75999 18.6103
2 0.886091 -0.699806 2.262
 1 7.65295 -5.669 19.3496
2 0.878865 -0.649813 2.22
 1 -0.283395 -5.7261 25.3304
2 -0.0378096 -0.747746 3.308
 1 -4.74082 -3.70263 23.3014
2 -0.674517 -0.530559 3.329
 1 -5.69259 -4.52253 23.7213
2 -0.805764 -0.639928 3.357
 1 -4.67689 -2.59555 47.1671
2 -0.339666 -0.189972 3.441
 1 -1.1855 -1.31435 32.1212
2 -0.141595 -0.149622 3.683
 1 -2.9099 -1.66272 23.8737
2 -0.410789 -0.235826 3.379
 1 -5.21166 -0.339065 26.1722
2 -0.737287 -0.0503073 3.715
 1 -9.42419 -5.4616 22.2949
2 -1.21584 -0.703776 2.875
 1 -10.8275 -4.46377 19.1543
2 -1.40997 -0.585703 2.499
 1 -9.36999 -5.34669 15.6545
2 -1.22002 -0.69981 2.042
 1 -2.71168 -8.37436 22.2722
2 -0.410789 -1.27064 3.379
 1 -0.481149 -11.4185 28.0334
2 -0.059175 -1.36443 3.35
 1 -1.54802 -10.4872 25.8854
2 -0.197699 -1.35259 3.338
 1 -5.55451 -11.0579 27.3077
2 -0.67634 -1.35259 3.338
 1 -2.31218 -7.61777 23.8273
2 -0.325848 -1.07834 3.372
 1 -3.72622 -6.56943 23.4438
2 -0.530826 -0.935616 3.339
 1 -5.23957 -7.27969 25.8046
2 -0.678569 -0.945395 3.349
 1 0.808223 2.38729 10.1017
2 0.304112 0.898778 3.801
 1 15.2404 6.47877 25.6885
2 2.12464 0.89898 3.581
 1 8.84408 6.86267 30.2883
2 1.16237 0.899872 3.981
 1 -10.3239 7.4974 26.4854
2 -1.23286 0.899763 3.164
 1 -14.7721 7.10156 30.4431
2 -1.86092 0.898828 3.835
 1 -15.1561 7.86724 27.7784
2 -1.726 0.899763 3.164
 1 -1.11388 1.67723 7.09936
2 -0.596375 0.898778 3.801
 1 -6.92326 7.14027 22.2632
2 -0.867423 0.898675 2.792
 1 -6.15672 6.13996 22.3462
2 -0.897652 0.899896 3.26
 1 -9.0389 5.82322 25.8142
2 -1.39401 0.899872 3.981
 1 -14.227 6.802 29.702
2 -1.87054 0.898964 3.905
 1 -16.9281 6.41833 28.5328
2 -2.35959 0.898968 3.977
 1 -2.53417 6.08448 14.3757
2 -0.372278 0.898792 2.12
 1 -14.2452 7.13278 25.5273
2 -1.79167 0.899749 3.211
 1 -6.34789 -8.83737 26.4338
2 -0.805764 -1.1225 3.357
 1 -5.76909 -1.34867 23.2939
2 -0.831931 -0.191927 3.35
 1 -6.02419 -4.85522 25.5
2 -0.789924 -0.638403 3.349
 1 5.29812 -4.198 18.0487
2 0.79013 -0.624168 2.687
 1 8.4909 -4.06088 17.5438
2 1.0707 -0.514758 2.216
 1 19.4155 8.17386 36.1419
2 2.13375 0.897837 3.972
 1 -10.3241 -4.41165 19.05
2 -1.37233 -0.588859 2.535
